world: lobby
x: 3.8264332203877034
y: 76.5
z: 23.02107882174352
yaw: -91.17222
pitch: 25.846754
name: End
lastowner: 1ff88b66-beda-4386-85b9-a00a5c27437a
