world: lobby
x: -5.022130528548905
y: 77.0
z: 22.983793767915607
yaw: 89.77109
pitch: 7.7281733
name: shop
lastowner: 1ff88b66-beda-4386-85b9-a00a5c27437a
